   1.4317430e+02   3.8485700e+01   1.9991931e+03   3.0000000e+00   1.2000000e+01   2.2000000e+00   8.0000000e+00   1.1000000e+01   3.5000000e+01   1.1650000e+01   2.8210602e+00
   1.4325270e+02   3.8118200e+01   1.9992287e+03   3.0000000e+00   2.5000000e+01   3.4000000e+00   1.1000000e+01   1.1000000e+01   2.7000000e+01   3.3530000e+01   2.9475214e+00
   1.4326200e+02   3.8131500e+01   2.0005586e+03   7.0000000e+00   2.3000000e+01   2.4000000e+00   9.0000000e+00   1.1000000e+01   1.0000000e+00   4.9700000e+01   1.1153322e+00
   1.4339830e+02   3.8596500e+01   2.0026233e+03   8.0000000e+00   1.6000000e+01   2.3000000e+00   6.0000000e+00   1.1000000e+01   4.9000000e+01   1.7450000e+01   1.0928527e+00
   1.4335050e+02   3.8493000e+01   2.0029273e+03   1.2000000e+01   5.0000000e+00   2.5000000e+00   8.9900000e+00   1.0000000e+01   4.6000000e+01   4.8470000e+01   1.3926268e+00
   1.4318550e+02   3.8399500e+01   2.0032368e+03   3.0000000e+00   2.8000000e+01   3.1000000e+00   8.0000000e+00   9.0000000e+00   5.9000000e+01   4.9490000e+01   2.2391265e+00
   1.4336080e+02   3.8353200e+01   2.0032392e+03   3.0000000e+00   2.9000000e+01   3.3000000e+00   6.0000000e+00   7.0000000e+00   1.5000000e+01   3.0410000e+01   8.7766896e-01
   1.4319050e+02   3.8496200e+01   2.0034391e+03   6.0000000e+00   1.0000000e+01   2.0000000e+00   8.0000000e+00   6.0000000e+00   7.0000000e+00   1.8150000e+01   2.4797930e+00
   1.4311430e+02   3.8103000e+01   2.0038324e+03   1.0000000e+01   3.1000000e+01   1.6000000e+00   1.3000000e+01   2.0000000e+01   1.4000000e+01   5.3400000e+01   2.4913082e+00
   1.4336950e+02   3.8611800e+01   2.0039767e+03   1.2000000e+01   2.3000000e+01   2.3000000e+00   8.0000000e+00   1.1000000e+01   4.0000000e+01   2.4830000e+01   3.3241404e-01
   1.4321930e+02   3.8601000e+01   2.0047449e+03   9.0000000e+00   2.9000000e+01   1.9000000e+00   1.2000000e+01   1.5000000e+01   1.3000000e+01   4.6530000e+01   1.5860158e+00
   1.4328850e+02   3.8474200e+01   2.0056450e+03   8.0000000e+00   2.4000000e+01   5.9000000e+00   6.3100000e+00   1.0000000e+01   1.4000000e+01   4.4680000e+01   2.2998769e+00
   1.4316030e+02   3.8478000e+01   2.0056451e+03   8.0000000e+00   2.4000000e+01   2.3000000e+00   1.1000000e+01   1.0000000e+01   5.1000000e+01   2.6130000e+01   2.3675624e+00
   1.4324350e+02   3.8435300e+01   2.0056451e+03   8.0000000e+00   2.4000000e+01   2.1000000e+00   1.1000000e+01   1.0000000e+01   5.1000000e+01   5.7030000e+01   1.6295909e+00
   1.4318770e+02   3.8512300e+01   2.0056451e+03   8.0000000e+00   2.4000000e+01   3.5000000e+00   1.1000000e+01   1.0000000e+01   5.5000000e+01   3.9270000e+01   7.6240921e-01
   1.4321150e+02   3.8512000e+01   2.0056451e+03   8.0000000e+00   2.4000000e+01   4.3000000e+00   8.3700000e+00   1.1000000e+01   0.0000000e+00   1.4890000e+01   1.8009036e+00
   1.4324550e+02   3.8512200e+01   2.0056451e+03   8.0000000e+00   2.4000000e+01   3.4000000e+00   1.2120000e+01   1.1000000e+01   3.0000000e+00   5.4200000e+00   2.4770768e+00
   1.4316680e+02   3.8492300e+01   2.0056451e+03   8.0000000e+00   2.4000000e+01   2.0000000e+00   9.0000000e+00   1.1000000e+01   1.0000000e+01   3.5450000e+01   2.5334811e+00
   1.4322100e+02   3.8422500e+01   2.0056452e+03   8.0000000e+00   2.4000000e+01   1.8000000e+00   1.1000000e+01   1.1000000e+01   3.8000000e+01   9.9200000e+00   1.2955502e+00
   1.4320850e+02   3.8512700e+01   2.0056452e+03   8.0000000e+00   2.4000000e+01   2.5000000e+00   1.2240000e+01   1.2000000e+01   5.0000000e+00   2.0270000e+01   1.9369018e+00
   1.4322150e+02   3.8493000e+01   2.0056452e+03   8.0000000e+00   2.4000000e+01   3.0000000e+00   1.1000000e+01   1.2000000e+01   2.1000000e+01   5.7770000e+01   1.0232654e+00
   1.4317100e+02   3.8497200e+01   2.0056453e+03   8.0000000e+00   2.4000000e+01   1.9000000e+00   1.1000000e+01   1.2000000e+01   4.8000000e+01   5.6930000e+01   1.8028129e+00
   1.4315130e+02   3.8444800e+01   2.0056453e+03   8.0000000e+00   2.4000000e+01   1.9000000e+00   1.1000000e+01   1.3000000e+01   0.0000000e+00   2.0070000e+01   2.5685212e+00
   1.4317320e+02   3.8543700e+01   2.0056453e+03   8.0000000e+00   2.4000000e+01   2.2000000e+00   1.0520000e+01   1.3000000e+01   1.3000000e+01   1.4760000e+01   2.3481439e+00
   1.4318750e+02   3.8518200e+01   2.0056454e+03   8.0000000e+00   2.4000000e+01   2.3000000e+00   1.3000000e+01   1.3000000e+01   5.4000000e+01   1.7280000e+01   2.5675498e+00
   1.4316880e+02   3.8520700e+01   2.0056456e+03   8.0000000e+00   2.4000000e+01   2.2000000e+00   1.2000000e+01   1.5000000e+01   1.0000000e+01   2.3820000e+01   2.7569753e+00
   1.4322950e+02   3.8512200e+01   2.0056457e+03   8.0000000e+00   2.4000000e+01   4.6000000e+00   1.0020000e+01   1.6000000e+01   1.1000000e+01   1.6870000e+01   2.7600527e-01
   1.4320030e+02   3.8526300e+01   2.0056457e+03   8.0000000e+00   2.4000000e+01   1.5000000e+00   8.6800000e+00   1.6000000e+01   1.8000000e+01   3.4180000e+01   1.7570512e+00
   1.4319220e+02   3.8500700e+01   2.0056458e+03   8.0000000e+00   2.4000000e+01   1.5000000e+00   1.2000000e+01   1.7000000e+01   3.1000000e+01   3.0480000e+01   1.4730019e+00
   1.4323850e+02   3.8451800e+01   2.0056459e+03   8.0000000e+00   2.4000000e+01   2.4000000e+00   7.9500000e+00   1.8000000e+01   1.0000000e+01   2.6860000e+01   1.5396488e+00
   1.4323780e+02   3.8529200e+01   2.0056459e+03   8.0000000e+00   2.4000000e+01   2.6000000e+00   1.2000000e+01   1.8000000e+01   1.2000000e+01   1.1790000e+01   2.1755833e+00
   1.4319970e+02   3.8508000e+01   2.0056461e+03   8.0000000e+00   2.4000000e+01   1.9000000e+00   1.2000000e+01   1.9000000e+01   5.7000000e+01   9.8100000e+00   1.5741419e+00
   1.4319270e+02   3.8556800e+01   2.0056465e+03   8.0000000e+00   2.4000000e+01   2.1000000e+00   9.6100000e+00   2.3000000e+01   1.0000000e+01   4.8600000e+00   1.2963754e+00
   1.4321750e+02   3.8477800e+01   2.0056468e+03   8.0000000e+00   2.5000000e+01   2.2000000e+00   1.1000000e+01   1.0000000e+00   3.3000000e+01   3.8180000e+01   1.0194730e+00
   1.4319750e+02   3.8478300e+01   2.0056482e+03   8.0000000e+00   2.5000000e+01   2.4000000e+00   1.2290000e+01   1.3000000e+01   5.4000000e+01   5.7080000e+01   1.9097185e+00
   1.4319680e+02   3.8489200e+01   2.0056483e+03   8.0000000e+00   2.5000000e+01   3.0000000e+00   9.3400000e+00   1.5000000e+01   3.1000000e+01   2.9400000e+00   1.0588460e+00
   1.4320450e+02   3.8549800e+01   2.0056567e+03   8.0000000e+00   2.8000000e+01   3.1000000e+00   9.0300000e+00   1.6000000e+01   3.2000000e+01   1.7160000e+01   1.4174621e+00
   1.4319170e+02   3.8561500e+01   2.0056567e+03   8.0000000e+00   2.8000000e+01   2.8000000e+00   1.0000000e+01   1.6000000e+01   3.4000000e+01   2.7100000e+00   1.2030184e+00
   1.4325020e+02   3.8458800e+01   2.0056623e+03   8.0000000e+00   3.0000000e+01   2.3000000e+00   1.0000000e+01   1.8000000e+01   5.0000000e+00   4.9120000e+01   7.4683618e-01
   1.4316200e+02   3.8490200e+01   2.0056625e+03   8.0000000e+00   3.0000000e+01   2.9000000e+00   1.2000000e+01   1.9000000e+01   2.0000000e+01   6.5200000e+00   2.8027321e+00
   1.4316980e+02   3.8480500e+01   2.0056626e+03   8.0000000e+00   3.0000000e+01   1.7000000e+00   1.0000000e+01   2.0000000e+01   4.4000000e+01   4.4890000e+01   1.6327618e+00
   1.4315570e+02   3.8425200e+01   2.0056635e+03   8.0000000e+00   3.1000000e+01   2.0000000e+00   1.1000000e+01   4.0000000e+00   2.8000000e+01   4.3550000e+01   1.8721496e+00
   1.4317670e+02   3.8467800e+01   2.0056635e+03   8.0000000e+00   3.1000000e+01   3.0000000e+00   1.2000000e+01   4.0000000e+00   3.9000000e+01   3.3020000e+01   1.6540347e+00
   1.4326500e+02   3.8554000e+01   2.0056640e+03   8.0000000e+00   3.1000000e+01   1.9000000e+00   1.1000000e+01   8.0000000e+00   2.6000000e+01   3.0240000e+01   1.5946060e+00
   1.4324380e+02   3.8466300e+01   2.0056692e+03   9.0000000e+00   2.0000000e+00   1.7000000e+00   1.2000000e+01   6.0000000e+00   8.0000000e+00   2.3720000e+01   2.5011152e+00
   1.4315150e+02   3.8385500e+01   2.0056706e+03   9.0000000e+00   2.0000000e+00   1.6000000e+00   1.1000000e+01   1.8000000e+01   3.7000000e+01   5.1700000e+01   1.5587875e+00
   1.4314330e+02   3.8380700e+01   2.0056706e+03   9.0000000e+00   2.0000000e+00   2.1000000e+00   1.0000000e+01   1.8000000e+01   4.9000000e+01   2.6730000e+01   2.1650547e+00
   1.4324480e+02   3.8533800e+01   2.0056825e+03   9.0000000e+00   7.0000000e+00   2.3000000e+00   1.2000000e+01   3.0000000e+00   0.0000000e+00   5.1820000e+01   2.2754004e+00
   1.4320220e+02   3.8432300e+01   2.0056993e+03   9.0000000e+00   1.3000000e+01   1.8000000e+00   9.0000000e+00   6.0000000e+00   1.7000000e+01   5.0880000e+01   1.0785768e+00
   1.4324050e+02   3.8577700e+01   2.0058973e+03   1.1000000e+01   2.4000000e+01   3.6000000e+00   1.0420000e+01   1.2000000e+01   3.4000000e+01   1.7380000e+01   5.3618914e-01
   1.4320580e+02   3.8538200e+01   2.0059052e+03   1.1000000e+01   2.7000000e+01   1.5000000e+00   1.1000000e+01   9.0000000e+00   1.4000000e+01   4.3070000e+01   6.1112042e-01
   1.4319030e+02   3.8429200e+01   2.0059240e+03   1.2000000e+01   4.0000000e+00   1.9000000e+00   1.3000000e+01   6.0000000e+00   3.3000000e+01   2.7010000e+01   2.6531689e+00
   1.4320270e+02   3.8490000e+01   2.0059252e+03   1.2000000e+01   4.0000000e+00   2.5000000e+00   1.3000000e+01   1.6000000e+01   2.9000000e+01   4.0550000e+01   2.6528309e+00
   1.4318620e+02   3.8497300e+01   2.0061925e+03   3.0000000e+00   1.2000000e+01   2.3000000e+00   8.9900000e+00   5.0000000e+00   5.2000000e+01   5.6550000e+01   1.5961220e+00
   1.4320770e+02   3.8459800e+01   2.0062263e+03   3.0000000e+00   2.4000000e+01   2.6000000e+00   1.2000000e+01   1.4000000e+01   1.4000000e+01   2.7000000e-01   1.8985715e+00
   1.4314700e+02   3.8422800e+01   2.0066561e+03   8.0000000e+00   2.8000000e+01   1.8000000e+00   9.0000000e+00   1.1000000e+01   1.3000000e+01   8.8000000e+00   2.9393901e+00
   1.4320850e+02   3.8430300e+01   2.0067415e+03   9.0000000e+00   2.8000000e+01   1.8000000e+00   7.0000000e+00   1.5000000e+01   2.2000000e+01   3.2520000e+01   2.9018272e+00
   1.4319220e+02   3.8530700e+01   2.0069499e+03   1.2000000e+01   1.3000000e+01   1.7000000e+00   1.0000000e+01   1.6000000e+01   4.7000000e+01   4.7040000e+01   7.4780626e-01
   1.4319570e+02   3.8688000e+01   2.0072778e+03   4.0000000e+00   1.2000000e+01   1.5000000e+00   1.0000000e+01   9.0000000e+00   3.9000000e+01   2.7560000e+01   2.9621773e+00
   1.4322020e+02   3.8583200e+01   2.0072840e+03   4.0000000e+00   1.4000000e+01   2.2000000e+00   1.0440000e+01   1.5000000e+01   3.5000000e+01   2.7320000e+01   1.3551865e-01
   1.4334400e+02   3.8374300e+01   2.0080856e+03   2.0000000e+00   1.0000000e+00   1.9000000e+00   8.0000000e+00   7.0000000e+00   4.0000000e+01   4.5080000e+01   7.4569254e-01
   1.4332550e+02   3.8516200e+01   2.0083761e+03   5.0000000e+00   1.7000000e+01   2.2000000e+00   1.1000000e+01   1.5000000e+01   2.0000000e+01   5.5600000e+01   2.8019742e+00
   1.4318170e+02   3.8582700e+01   2.0088148e+03   1.0000000e+01   2.5000000e+01   1.9000000e+00   1.2140000e+01   5.0000000e+00   1.0000000e+01   4.5470000e+01   2.8063742e+00
   1.4314970e+02   3.8429800e+01   2.0089348e+03   1.2000000e+01   8.0000000e+00   2.1000000e+00   9.3700000e+00   3.0000000e+00   2.7000000e+01   1.5510000e+01   2.6634006e+00
   1.4322530e+02   3.8489300e+01   2.0089370e+03   1.2000000e+01   8.0000000e+00   1.9000000e+00   1.0010000e+01   2.2000000e+01   3.6000000e+01   2.5460000e+01   2.7102178e-01
   1.4319900e+02   3.8419000e+01   2.0089975e+03   1.2000000e+01   3.1000000e+01   2.5000000e+00   1.0470000e+01   1.0000000e+00   5.7000000e+01   2.2710000e+01   3.8748976e-01
   1.4320770e+02   3.8435700e+01   2.0090015e+03   1.0000000e+00   1.0000000e+00   2.2000000e+00   1.3000000e+01   1.2000000e+01   5.9000000e+01   3.5550000e+01   2.9393759e+00
   1.4317630e+02   3.8560500e+01   2.0090106e+03   1.0000000e+00   4.0000000e+00   4.0000000e+00   1.1610000e+01   2.0000000e+01   2.7000000e+01   3.9160000e+01   2.6117952e+00
   1.4321250e+02   3.8077300e+01   2.0094481e+03   6.0000000e+00   1.3000000e+01   1.8000000e+00   1.1620000e+01   1.3000000e+01   1.3000000e+01   2.9800000e+01   2.9859399e+00
   1.4323830e+02   3.8580200e+01   2.0105159e+03   7.0000000e+00   8.0000000e+00   3.0000000e+00   1.1000000e+01   7.0000000e+00   1.3000000e+01   2.0450000e+01   1.0167402e+00
   1.4322470e+02   3.8106700e+01   2.0110329e+03   1.0000000e+00   1.2000000e+01   2.1000000e+00   1.1000000e+01   2.3000000e+01   5.1000000e+01   4.7880000e+01   2.4812611e+00
   1.4321530e+02   3.8373200e+01   2.0111174e+03   2.0000000e+00   1.2000000e+01   2.6000000e+00   9.0000000e+00   2.0000000e+01   0.0000000e+00   4.7200000e+01   6.4103083e-01
   1.4322800e+02   3.8367200e+01   2.0111257e+03   2.0000000e+00   1.5000000e+01   2.4000000e+00   1.0970000e+01   2.1000000e+01   2.9000000e+01   3.5180000e+01   1.5886936e+00
   1.4313180e+02   3.8362500e+01   2.0111281e+03   2.0000000e+00   1.6000000e+01   2.4000000e+00   1.1300000e+01   1.8000000e+01   1.9000000e+01   5.1070000e+01   2.8742146e+00
   1.4315170e+02   3.8386000e+01   2.0111325e+03   2.0000000e+00   1.8000000e+01   2.4000000e+00   1.1000000e+01   8.0000000e+00   3.3000000e+01   4.4550000e+01   1.5442072e+00
   1.4323150e+02   3.8376800e+01   2.0111330e+03   2.0000000e+00   1.8000000e+01   2.7000000e+00   1.2330000e+01   1.3000000e+01   2.1000000e+01   4.5820000e+01   2.9232909e+00
   1.4318750e+02   3.8385500e+01   2.0111397e+03   2.0000000e+00   2.0000000e+01   2.1000000e+00   1.2000000e+01   2.3000000e+01   5.8000000e+01   4.3520000e+01   1.8045270e+00
   1.4327980e+02   3.8328500e+01   2.0111839e+03   3.0000000e+00   9.0000000e+00   7.3000000e+00   8.2800000e+00   2.0000000e+00   4.5000000e+01   1.2970000e+01   2.8674190e-01
   1.4321200e+02   3.8552800e+01   2.0111840e+03   3.0000000e+00   9.0000000e+00   2.9000000e+00   1.0000000e+01   3.0000000e+00   4.7000000e+01   6.8000000e-01   3.5200720e-01
   1.4315030e+02   3.8397500e+01   2.0111840e+03   3.0000000e+00   9.0000000e+00   3.4000000e+00   9.0200000e+00   3.0000000e+00   5.7000000e+01   3.2880000e+01   2.3367363e+00
   1.4318500e+02   3.8374700e+01   2.0111840e+03   3.0000000e+00   9.0000000e+00   4.1000000e+00   1.0000000e+01   4.0000000e+00   1.0000000e+00   3.2250000e+01   2.6244925e-01
   1.4324880e+02   3.8606500e+01   2.0111841e+03   3.0000000e+00   9.0000000e+00   6.1000000e+00   1.1310000e+01   4.0000000e+00   3.6000000e+01   5.9150000e+01   1.4164641e+00
   1.4318400e+02   3.8536200e+01   2.0111841e+03   3.0000000e+00   9.0000000e+00   2.6000000e+00   1.0110000e+01   5.0000000e+00   8.0000000e+00   1.4950000e+01   1.3719823e+00
   1.4319300e+02   3.8457700e+01   2.0111843e+03   3.0000000e+00   9.0000000e+00   3.0000000e+00   1.3280000e+01   6.0000000e+00   2.2000000e+01   1.8400000e+01   2.8864901e+00
   1.4323150e+02   3.8294200e+01   2.0111846e+03   3.0000000e+00   9.0000000e+00   2.1000000e+00   8.0000000e+00   8.0000000e+00   4.7000000e+01   6.9400000e+00   1.0439014e+00
   1.4333030e+02   3.8520200e+01   2.0111847e+03   3.0000000e+00   9.0000000e+00   4.0000000e+00   5.8300000e+00   1.0000000e+01   2.2000000e+01   5.2550000e+01   2.1939179e+00
   1.4319120e+02   3.8391000e+01   2.0111848e+03   3.0000000e+00   9.0000000e+00   3.5000000e+00   1.2000000e+01   1.0000000e+01   3.5000000e+01   5.9480000e+01   1.8265014e+00
   1.4318470e+02   3.8360800e+01   2.0111849e+03   3.0000000e+00   9.0000000e+00   4.8000000e+00   1.2900000e+01   1.2000000e+01   3.0000000e+00   1.5480000e+01   2.7075398e+00
   1.4328080e+02   3.8556300e+01   2.0111852e+03   3.0000000e+00   9.0000000e+00   2.4000000e+00   1.0260000e+01   1.4000000e+01   3.8000000e+01   1.5310000e+01   1.1499202e+00
   1.4317430e+02   3.8351300e+01   2.0111853e+03   3.0000000e+00   9.0000000e+00   2.2000000e+00   1.3000000e+01   1.5000000e+01   1.7000000e+01   4.7480000e+01   2.6492463e+00
   1.4334380e+02   3.8548200e+01   2.0111860e+03   3.0000000e+00   9.0000000e+00   2.6000000e+00   6.0000000e+00   2.1000000e+01   4.2000000e+01   2.4210000e+01   1.8981769e+00
   1.4320230e+02   3.8394300e+01   2.0111863e+03   3.0000000e+00   9.0000000e+00   2.9000000e+00   1.1250000e+01   2.3000000e+01   5.6000000e+01   5.2520000e+01   1.2802726e+00
   1.4316730e+02   3.8127800e+01   2.0111864e+03   3.0000000e+00   1.0000000e+01   2.7000000e+00   1.1870000e+01   0.0000000e+00   3.8000000e+01   5.6070000e+01   2.2267029e+00
   1.4316850e+02   3.8450500e+01   2.0111867e+03   3.0000000e+00   1.0000000e+01   2.3000000e+00   1.3250000e+01   3.0000000e+00   3.5000000e+01   1.9320000e+01   2.9551163e+00
   1.4316530e+02   3.8362500e+01   2.0111877e+03   3.0000000e+00   1.0000000e+01   2.8000000e+00   1.0000000e+01   1.2000000e+01   1.3000000e+01   4.1050000e+01   5.4167886e-01
   1.4317180e+02   3.8316700e+01   2.0111880e+03   3.0000000e+00   1.0000000e+01   2.1000000e+00   1.3000000e+01   1.5000000e+01   8.0000000e+00   1.6700000e+01   2.7265312e+00
   1.4323780e+02   3.8238700e+01   2.0111881e+03   3.0000000e+00   1.0000000e+01   3.0000000e+00   9.1000000e+00   1.5000000e+01   2.1000000e+01   3.2520000e+01   4.5340627e-01
   1.4330350e+02   3.8344700e+01   2.0111882e+03   3.0000000e+00   1.0000000e+01   2.4000000e+00   6.0000000e+00   1.6000000e+01   2.4000000e+01   3.5780000e+01   1.8709549e+00
   1.4327650e+02   3.8514800e+01   2.0111882e+03   3.0000000e+00   1.0000000e+01   1.8000000e+00   1.1000000e+01   1.6000000e+01   3.8000000e+01   9.3800000e+00   1.9488957e+00
   1.4318870e+02   3.8088000e+01   2.0111887e+03   3.0000000e+00   1.0000000e+01   2.4000000e+00   8.0000000e+00   2.1000000e+01   1.3000000e+01   2.3650000e+01   1.0607316e+00
   1.4317180e+02   3.8455000e+01   2.0111890e+03   3.0000000e+00   1.0000000e+01   2.3000000e+00   8.5700000e+00   2.3000000e+01   1.8000000e+01   2.1880000e+01   2.1771377e+00
   1.4315900e+02   3.8159300e+01   2.0111891e+03   3.0000000e+00   1.1000000e+01   2.3000000e+00   1.2230000e+01   0.0000000e+00   3.5000000e+01   3.3060000e+01   2.3197600e+00
   1.4329100e+02   3.8321200e+01   2.0111895e+03   3.0000000e+00   1.1000000e+01   2.1000000e+00   9.0000000e+00   3.0000000e+00   3.6000000e+01   6.1300000e+00   9.3994830e-01
   1.4331680e+02   3.8229200e+01   2.0111983e+03   3.0000000e+00   1.4000000e+01   4.4000000e+00   5.0000000e+00   9.0000000e+00   0.0000000e+00   9.1200000e+00   2.2018913e+00
   1.4309320e+02   3.8059300e+01   2.0112082e+03   3.0000000e+00   1.8000000e+01   3.9000000e+00   1.2000000e+01   0.0000000e+00   9.0000000e+00   5.0410000e+01   1.6906265e+00
   1.4328030e+02   3.8373700e+01   2.0112371e+03   3.0000000e+00   2.8000000e+01   3.6000000e+00   1.0000000e+01   1.3000000e+01   1.7000000e+01   4.3330000e+01   1.5631784e+00
   1.4333130e+02   3.8092500e+01   2.0112381e+03   3.0000000e+00   2.8000000e+01   3.2000000e+00   8.0000000e+00   2.2000000e+01   7.0000000e+00   8.1600000e+00   1.5061385e+00
   1.4335550e+02   3.8223700e+01   2.0112533e+03   4.0000000e+00   3.0000000e+00   2.9000000e+00   7.0000000e+00   1.1000000e+01   2.0000000e+00   2.1250000e+01   5.5133324e-01
   1.4333100e+02   3.8144700e+01   2.0112837e+03   4.0000000e+00   1.4000000e+01   3.1000000e+00   9.0000000e+00   1.2000000e+01   5.3000000e+01   3.5160000e+01   2.2976328e+00
   1.4319900e+02   3.8639500e+01   2.0113473e+03   5.0000000e+00   7.0000000e+00   3.0000000e+00   1.0000000e+01   1.8000000e+01   7.0000000e+00   5.1130000e+01   1.8734883e+00
   1.4318170e+02   3.8075000e+01   2.0113481e+03   5.0000000e+00   8.0000000e+00   3.2000000e+00   7.6400000e+00   1.0000000e+00   4.6000000e+01   2.7430000e+01   1.4671180e+00
   1.4331330e+02   3.8524000e+01   2.0113570e+03   5.0000000e+00   1.1000000e+01   3.0000000e+00   1.1000000e+01   7.0000000e+00   4.1000000e+01   3.7050000e+01   2.5731497e+00
   1.4318920e+02   3.8388800e+01   2.0113687e+03   5.0000000e+00   1.5000000e+01   4.0000000e+00   1.0000000e+01   1.3000000e+01   3.8000000e+01   4.4140000e+01   3.1425361e-01
   1.4314970e+02   3.8306300e+01   2.0113692e+03   5.0000000e+00   1.5000000e+01   2.7000000e+00   1.2000000e+01   1.8000000e+01   1.5000000e+01   3.3550000e+01   1.4937460e+00
   1.4335570e+02   3.8050500e+01   2.0113894e+03   5.0000000e+00   2.3000000e+01   2.3000000e+00   5.0000000e+00   3.0000000e+00   2.0000000e+00   4.6490000e+01   1.3276304e+00
   1.4330070e+02   3.8535800e+01   2.0114290e+03   6.0000000e+00   6.0000000e+00   2.8000000e+00   6.6600000e+00   1.4000000e+01   3.0000000e+00   3.9890000e+01   1.9698307e+00
   1.4341530e+02   3.8290300e+01   2.0114319e+03   6.0000000e+00   7.0000000e+00   3.7000000e+00   3.7300000e+00   1.5000000e+01   7.0000000e+00   1.0400000e+00   2.9052879e+00
   1.4331670e+02   3.8162700e+01   2.0115208e+03   7.0000000e+00   1.0000000e+01   4.0000000e+00   8.0000000e+00   1.0000000e+00   5.1000000e+01   6.8200000e+00   1.0033501e+00
   1.4316150e+02   3.8042800e+01   2.0115211e+03   7.0000000e+00   1.0000000e+01   3.0000000e+00   9.0000000e+00   4.0000000e+00   4.0000000e+01   5.1780000e+01   4.4449294e-01
   1.4315220e+02   3.8058800e+01   2.0115213e+03   7.0000000e+00   1.0000000e+01   3.2000000e+00   1.1530000e+01   6.0000000e+00   9.0000000e+00   1.6770000e+01   1.8749955e+00
   1.4311670e+02   3.8028500e+01   2.0115227e+03   7.0000000e+00   1.0000000e+01   3.1000000e+00   1.3000000e+01   1.8000000e+01   5.4000000e+01   1.0200000e+01   2.7877164e+00
   1.4336380e+02   3.8239800e+01   2.0115347e+03   7.0000000e+00   1.5000000e+01   3.0000000e+00   7.0000000e+00   4.0000000e+00   2.3000000e+01   3.9620000e+01   5.8735027e-01
   1.4337030e+02   3.8528300e+01   2.0115416e+03   7.0000000e+00   1.7000000e+01   2.5000000e+00   8.6500000e+00   1.6000000e+01   0.0000000e+00   1.4360000e+01   1.2708561e+00
   1.4318680e+02   3.8407200e+01   2.0115418e+03   7.0000000e+00   1.7000000e+01   3.6000000e+00   9.8300000e+00   1.7000000e+01   5.1000000e+01   2.6680000e+01   5.0025998e-01
   1.4318980e+02   3.7978000e+01   2.0115420e+03   7.0000000e+00   1.7000000e+01   3.1000000e+00   8.0000000e+00   2.0000000e+01   0.0000000e+00   5.4900000e+00   1.6486831e+00
   1.4322370e+02   3.8079700e+01   2.0115646e+03   7.0000000e+00   2.6000000e+01   2.9000000e+00   1.1150000e+01   1.0000000e+00   3.5000000e+01   1.2690000e+01   2.7145459e+00
   1.4329170e+02   3.8135500e+01   2.0115772e+03   7.0000000e+00   3.0000000e+01   3.2000000e+00   1.0000000e+01   1.6000000e+01   2.4000000e+01   2.7830000e+01   2.6030377e+00
   1.4328780e+02   3.8185200e+01   2.0115916e+03   8.0000000e+00   4.0000000e+00   3.1000000e+00   1.0090000e+01   2.2000000e+01   3.9000000e+01   1.7430000e+01   2.4347357e+00
   1.4329280e+02   3.8334000e+01   2.0116613e+03   8.0000000e+00   3.0000000e+01   2.4000000e+00   9.0000000e+00   8.0000000e+00   3.6000000e+01   4.9900000e+01   9.2074114e-01
   1.4311600e+02   3.7990300e+01   2.0116976e+03   9.0000000e+00   1.2000000e+01   2.9000000e+00   1.2000000e+01   1.5000000e+01   1.7000000e+01   5.6000000e+01   2.2522757e+00
   1.4331630e+02   3.8268800e+01   2.0117474e+03   9.0000000e+00   3.0000000e+01   2.8000000e+00   7.0000000e+00   1.8000000e+01   5.3000000e+01   3.7510000e+01   4.1552810e-01
   1.4330280e+02   3.8638700e+01   2.0118168e+03   1.0000000e+01   2.6000000e+01   2.2000000e+00   9.0000000e+00   3.0000000e+00   3.3000000e+01   1.1840000e+01   2.4622199e-01
   1.4324280e+02   3.8200300e+01   2.0121062e+03   2.0000000e+00   8.0000000e+00   3.4000000e+00   7.6200000e+00   2.0000000e+01   4.2000000e+01   2.3640000e+01   8.5462728e-01
   1.4315720e+02   3.8217000e+01   2.0125779e+03   7.0000000e+00   3.0000000e+01   2.4000000e+00   1.1250000e+01   1.2000000e+01   2.5000000e+01   2.2210000e+01   1.1567936e+00
   1.4323270e+02   3.8332200e+01   2.0127040e+03   9.0000000e+00   1.4000000e+01   2.1000000e+00   8.0900000e+00   1.6000000e+01   7.0000000e+00   5.2020000e+01   1.0592040e+00
   1.4325130e+02   3.7982300e+01   2.0129607e+03   1.2000000e+01   1.7000000e+01   2.3000000e+00   5.0000000e+00   1.5000000e+01   6.0000000e+00   5.1370000e+01   2.4793456e+00
   1.4327380e+02   3.7967200e+01   2.0132019e+03   3.0000000e+00   1.5000000e+01   2.1000000e+00   8.0000000e+00   1.6000000e+01   3.9000000e+01   3.4990000e+01   1.8069745e+00
   1.4309170e+02   3.8013700e+01   2.0137852e+03   1.0000000e+01   1.4000000e+01   2.9000000e+00   1.2000000e+01   1.4000000e+01   2.2000000e+01   4.7880000e+01   1.4829516e+00
   1.4335670e+02   3.8338500e+01   2.0145867e+03   8.0000000e+00   3.0000000e+00   2.3000000e+00   9.7000000e+00   3.0000000e+00   5.3000000e+01   2.9200000e+01   2.7388304e+00
   1.4325800e+02   3.8523000e+01   2.0149979e+03   1.2000000e+01   3.1000000e+01   2.7000000e+00   1.0000000e+01   5.0000000e+00   3.5000000e+01   3.9730000e+01   6.3788943e-01
   1.4316200e+02   3.8392700e+01   2.0150816e+03   1.0000000e+00   3.0000000e+01   2.8000000e+00   1.1150000e+01   1.8000000e+01   3.7000000e+01   5.2920000e+01   9.5917135e-01
   1.4326780e+02   3.8639500e+01   2.0151039e+03   2.0000000e+00   7.0000000e+00   2.1000000e+00   9.0000000e+00   2.2000000e+01   1.0000000e+01   5.6880000e+01   6.8756158e-01
   1.4318400e+02   3.8129300e+01   2.0151207e+03   2.0000000e+00   1.4000000e+01   2.5000000e+00   1.0000000e+01   0.0000000e+00   5.5000000e+01   5.1420000e+01   7.2574328e-01
   1.4308080e+02   3.8037800e+01   2.0153754e+03   5.0000000e+00   1.8000000e+01   2.3000000e+00   1.3000000e+01   0.0000000e+00   1.0000000e+01   6.1200000e+00   2.9040805e+00
   1.4323550e+02   3.8558800e+01   2.0154236e+03   6.0000000e+00   4.0000000e+00   2.0000000e+00   1.0000000e+01   1.4000000e+01   4.4000000e+01   2.8470000e+01   2.0907103e-01
   1.4335000e+02   3.8080000e+01   2.0162832e+03   4.0000000e+00   1.3000000e+01   2.5000000e+00   9.0000000e+00   1.5000000e+01   4.1000000e+01   3.6880000e+01   2.8696266e+00
   1.4311530e+02   3.8021200e+01   2.0164184e+03   6.0000000e+00   2.0000000e+00   2.3000000e+00   1.1000000e+01   2.0000000e+00   4.9000000e+01   2.0400000e+01   8.6145198e-01
   1.4322580e+02   3.8644000e+01   2.0164420e+03   6.0000000e+00   1.0000000e+01   1.7000000e+00   1.0000000e+01   1.8000000e+01   1.1000000e+01   3.6330000e+01   4.7138380e-01
   1.4321080e+02   3.8467200e+01   2.0167278e+03   9.0000000e+00   2.3000000e+01   2.0000000e+00   1.0000000e+01   9.0000000e+00   2.1000000e+01   2.7160000e+01   2.4241038e-01
   1.4324700e+02   3.8574200e+01   2.0167936e+03   1.0000000e+01   1.7000000e+01   1.6000000e+00   9.0000000e+00   1.1000000e+01   2.2000000e+01   4.9210000e+01   8.2050001e-01
   1.4319350e+02   3.8076000e+01   2.0171331e+03   2.0000000e+00   1.8000000e+01   2.2000000e+00   1.1000000e+01   1.4000000e+01   1.0000000e+01   5.5010000e+01   2.0505567e+00
   1.4321720e+02   3.8583500e+01   2.0171404e+03   2.0000000e+00   2.1000000e+01   2.3000000e+00   1.2000000e+01   6.0000000e+00   0.0000000e+00   5.9790000e+01   1.5981814e+00
